=== MATRIX A (9x9) ===
                vx        vy     omega      vx^2     vy^2   omega^2     vx*vy  vx*omega  vy*omega
vx        0.999967  0.000000  0.000000  0.000000  0.00000  0.000000  0.000000  0.000000  0.000000
vy        0.000000  0.999983  0.000000  0.000000  0.00000  0.000000  0.000000  0.000000  0.000000
omega     0.000000  0.000000  0.999987  0.000000  0.00000  0.000000  0.000000  0.000000  0.000000
vx^2      0.000000  0.000000  0.000000  0.999969  0.00000  0.000000  0.000000  0.000000  0.000000
vy^2      0.000000  0.000000  0.000000  0.000000  0.99998  0.000000  0.000000  0.000000  0.000000
omega^2   0.000000  0.000000  0.000000  0.000000  0.00000  0.999988  0.000000  0.000000  0.000000
vx*vy     0.000000  0.000000  1.161438  0.000000  0.00000  0.000000  0.999575  0.000000  0.000000
vx*omega  0.000000  0.000000 -1.194756  0.000000  0.00000  0.000000  0.000000  0.998838  0.000000
vy*omega  0.000000  0.000000  0.000000  0.000000  0.00000  0.000000  0.000000  0.000000  0.999985

=== MATRIX B (9x2) ===
           Fx     delta
vx        0.0  0.000000
vy        0.0  0.000000
omega     0.0  0.000000
vx^2      0.0  0.000000
vy^2      0.0  0.000000
omega^2   0.0  0.000000
vx*vy     0.0 -1.170401
vx*omega  0.0  1.217336
vy*omega  0.0  0.000000